m = [5 4 4 3 2.7 1.7 1.8 0.3];

I = [
    0.05, 0.1, 0.05, 0.08, 0.03, 0.02, 0.0005, 0.001;
    0.06, 0.09, 0.018, 0.075, 0.01, 0.018, 0.0036, 0.001;
    0.03, 0.02, 0.044, 0.01, 0.029, 0.005, 0.0047, 0.001
];


COM = [
    -0.1,   0,  0.0003, 0,  0,  0.0001, 0,  0;
    0,  -0.03,  0.059,  0.03,   0.067,  0.021,  0.0006, 0;
    0.07,   0.12,   0.042,  0.13,   0.034,  0.076,  0.0004, 0.02
];

Fv = [0.24150, 0.37328, 0.11025, 0.1, 0.1, 0.12484, 0.1];
Fc = [0.31909, 0.18130, 0.07320, 0.17671, 0.03463, 0.13391, 0.08710];